6858450
1150386
3152037
6502290
1527709
9651486
2383733
7141037
208622
9503202
7468857
2744922
3184765
6858450
1150386
3152037
6502290
1527709
9651486
2383733
7141037
208622
9503202
7468857
2744922
3184765
6858450
1150386
3152037
6502290
1527709
9651486
2383733
7141037
208622
9503202
7468857
2744922
3184765
6858450
1150386
3152037
6502290
1527709
9651486
7141037
208622
9503202
7468857
2744922
3184765
6858450
1150386
3152037
6502290
1527709
9651486
7141037
208622
9503202
7468857
2744922
3184765
6858450
1150386
3152037
6502290
1527709
9651486
7141037
208622
9503202
7468857
2744922
3184765
6858450
1150386
3152037
6502290
1527709
9651486
7141037
208622
9503202
7468857
2744922
3184765
6858450
1150386
3152037
6502290
1527709
9651486
7141037
208622
9503202
7468857
2744922
3184765
6858450
1150386
3152037
6502290
1527709
9651486
7141037
208622
9503202
7468857
2744922
3184765
6858450
1150386
3152037
6502290
1527709
9651486
7141037
208622
9503202
7468857
2744922
3184765
6858450
1150386
3152037
6502290
1527709
9651486
7141037
208622
9503202
7468857
2744922
3184765
6858450
1150386
3152037
6502290
1527709
9651486
7141037
9503202
7468857
3184765
6858450
1150386
3152037
6502290
1527709
9651486
7141037
9503202
7468857
3184765
6858450
1150386
3152037
6502290
1527709
9651486
7141037
9503202
7468857
3184765
6858450
1150386
3152037
6502290
1527709
9651486
7141037
9503202
7468857
3184765
