9611289
SECOND STRING: 0,0 (first string was 9611289)
2977336
3423233
5090546
9811637
7927414
5322118
5931766
6244766
3935396
5079554
2306692
902458
7902521
1864891
9694990
1865212
856290
1126878
8609142
6959702
4979714
1915180
19943
7790706
6586201
1421899
1663241
4632181
7490649
594974
4814582
5185415
7678714
2124286
5898092
3311613
5434870
8712818
8588757
1691241
1984918
5040361
1385304
2771587
8026256
6028296
1255873
1742976
3364220
4340596
5854260
9653258
3299644
5714311
242805
8108601
1362239
2864826
2393115
9589896
6216329
6519536
7515888
4445756
7446639
2394741
696127
3415891
207053
1067005
9143807
8213826
3702270
6920325
9712351
7825285
291458
7564355
5455390
3349642
4912469
5882413
9807128
1514593
4004891
4476130
4413016
3788659
9841327
1342047
9883652
7529521
2897102
3268632
8403295
6440950
324714
6838556
3634111
7161470
5093443
92255
8035397
2424925
8883963
317732
7329202
5609270
2985617
817503
4855088
440055
2338318
2252183
4712209
7747369
8408845
7987395
1928947
4273617
7562529
3294399
6469474
3669504
1265708
5719770
2475518
8863592
5717104
5643864
6860021
6355572
3733230
7794731
1322218
4551902
9506245
5334056
8907229
4011831
2388229
6515037
5375492
6039357
2784123
8076325
7562308
7171974
1077514
6001716
5538296
949394
4511735
9033853
7387485
3498451
1002634
6538881
2144708
6690859
8051946
711587
8073073
7654161
3281202
8149058
4764845
3697301
9429288
8001261
1874254
6412305
805303
8338786
3577362
3896520
5381583
7831010
5169193
5006815
4364062
5320201
1686076
5238429
7471532
4202020
6933782
8907077
6280221
3983682
3041793
5403017
2428534
7272249
1535641
2219383
8460422
5427925
7797692
5020215
4789209
8463483
5279853
4721649
8740283
833277
1116764
2453606
7419326
7695676
1263102
6974949
7880929
9452778
9923598
5303386
940864
5369486
8469471
8873574
6435514
7079330
1820011
8363584
1074062
7934682
7679187
6971023
4516054
3457702
6629954
6500170
1770600
7303262
3114602
5449656
5038092
8494193
4824083
8268429
6735832
427264
9332350
1820068
8614838
3332050
7433242
9830223
8737780
6948412
586624
7097255
6208119
2852045
1172323
1039091
4148102
4071691
4870363
435216
1160835
628124
2271273
1360626
3811079
2156546
6024302
327489
7766108
3440820
575246
3695685
4322048
2544582
2020965
6703154
2026194
7400636
5121530
2439222
1982327
8700225
2110404
9169073
1781667
7394275
5010477
89148
8496749
9622432
8033198
8293903
7236
6430700
5389822
3664050
8884105
2629769
7416225
7836738
9653351
2205671
3904904
1265634
6456187
4748389
4147443
2567393
8789223
8388495
1500382
8000121
7817237
4030764
4754755
7212140
2726229
3501389
1423376
1203235
6974422
2363925
1073891
731134
9669134
3312142
2570530
2855476
59391
247031
5140483
4858677
4463590
3507978
1821865
2884042
6211249
2309968
6508808
4696965
4425992
7324214
1251489
1161501
5645034
7678622
6195934
7150301
9976816
2908130
7612949
2650592
5379675
4736813
4657505
1298284
3098060
9695229
7225494
3877620
9445739
719596
6066884
1555482
8571162
4353657
7554431
2129706
1041921
2214353
3874655
2866679
5037012
2096139
166393
1716618
8875923
2760872
2962031
3691371
5008075
637574
2366904
537303
6978379
2389724
235790
2980444
830629
1196598
2933357
4924465
5092094
6799247
2745800
7932124
995502
947232
4267329
9289316
5164180
2221710
9079434
74003
7914184
9763277
8265942
5942137
1439473
9466399
1490750
8585369
5054631
9787660
1271549
6252165
7857890
2902378
833129
4532044
4019252
7592685
5969376
2704454
3709192
7858514
1910609
3508910
9079949
2076103
5028474
2151246
8634873
6153161
7026255
4964352
5558506
7472839
9900689
9431194
8455352
2288944
2563485
7280171
6016028
5952398
6861086
8645254
3368567
9737098
9843790
1918322
7517554
3422526
3922165
2642305
4233970
8764885
2413204
9656019
2974134
2662313
418268
9255147
4998961
2862439
3394603
141044
6324515
6288389
5844718
2251842
3071099
1076811
8201215
4483407
2767186
2036848
8134660
4631796
8584208
3981835
9327946
2324188
3508590
6101465
9293708
2694997
2170943
87603
6843835
5818610
2290129
8874364
7826111
9579685
9693279
1154526
3750142
4035245
4772631
7142863
1573216
6164216
6124640
7451043
1703111
2077333
7956735
1061917
5252921
3192417
435208
1410925
2675439
834239
2230235
2512056
499523
1151105
8262272
4412987
7333159
8689758
6109079
3646437
1491352
6564602
1580712
9570476
2820147
2616983
4504092
7512433
9446232
9935036
1710632
9528593
1925402
1876451
3861822
1155058
4575355
4909074
830032
7457239
5952458
504136
214813
4379094
6801759
2510646
4744380
3980462
3335703
7463789
6056773
2231151
8351987
1137509
7443089
5258425
5897560
3162757
6608982
7584689
4323423
719089
1697501
1071165
4431113
5184961
5042669
2618677
8657897
6594228
8632145
1424157
7219135
7789132
4681402
624785
7964657
5173284
5229863
4722574
530714
7765054
3848270
64805
1709830
726035
2581203
7814463
3924098
8437248
7441219
8117205
1535786
9115354
3015408
4813495
6711260
3074889
1051541
4093427
8464866
4838171
8217766
6106104
5601293
7713370
7352687
5163344
2426242
6983144
7270799
1647613
9188356
7478663
9783375
2747868
3281458
2051843
5365088
4657426
1333640
8684766
1039444
1589216
3705213
2046875
4924411
6829811
3301232
7168575
1148652
9869450
5486186
265337
7620092
9956396
9862000
4519892
1085657
1992616
4027272
7874826
9204870
1790691
7820098
9509079
1774337
8245177
6090448
3525291
414958
2418727
4194673
7953020
5283730
7567497
7061406
6651924
4485903
8915283
2828861
85864
5725704
2928164
5363232
3091975
598307
3994342
9503935
6509804
400523
9472496
6770283
9099310
9789607
3555846
1527947
5532861
9831005
6704758
1889429
7949266
8453977
4189029
5743576
7331175
3236378
9310497
9450850
8622108
9345920
4182281
4146437
8401657
9164034
6693785
8481793
1880121
8803932
5726431
5491490
3982764
6645766
1004458
4859881
1587008
4350099
2921820
9106232
2215612
8635981
1425878
9126647
5823603
1981215
3984640
3654030
4175414
4965860
9959607
842603
6846957
2915157
3646575
5520206
9446385
7708499
7273197
2274376
7931410
12748
8218332
1238130
9603928
7017891
7842456
933628
8397709
9137952
177309
1878767
9507836
457385
2805722
5106969
7628290
5654745
9771762
6113108
6086864
2350712
183173
3511177
285374
9520541
759465
1085750
7969518
4756967
402366
7166397
3409685
4500771
6356871
3312794
7910516
7655843
3210827
5145902
8120699
8679368
1972925
6198594
4547490
4206680
7642578
2306007
9282695
2130175
4479134
5262056
3091090
997964
6614068
1542297
2725744
7278389
9745166
1274650
1099483
2822005
2259328
2232714
2307231
3034792
7329669
9529657
7777097
1592835
2855203
8494061
1937535
9633699
2896699
803198
2330669
7197579
503523
5835910
6144259
783884
8680297
6596086
4433298
7393877
3831729
1724991
8913002
952812
915534
7944595
5796193
1162527
5558540
999608
631380
2608188
9594712
8540784
5149779
8772849
2869280
4632200
2684913
333928
7934108
554029
9899800
8523682
291077
6078285
2873602
9254393
5110269
1712144
242390
6377528
3195942
6950809
4436581
6605463
9929626
3296735
8510710
4518641
4294044
4522020
1065533
7259587
6901147
6046372
2436972
3285700
6527714
1474579
101312
1221662
2051023
4621147
9883066
4169504
7752163
7939288
3780017
2602668
9191178
7985979
4653879
8928940
532326
7089929
9964525
819872
5325415
9113009
1034722
4038656
2037558
1649669
9976894
7869778
6830384
320820
5639087
1145469
285680
5470466
8084209
7846251
4204820
6848878
8974328
9578353
9408464
8108745
9736503
8686688
9586245
2927851
2471591
592596
3426181
4471106
6915328
6740071
5558009
4208377
1497186
3642308
9799598
4934352
7173854
6874602
7547049
2959782
6347294
5378791
3990753
1709971
9099617
3298541
899086
6101960
3898518
3892205
1708280
5708649
1666022
8267717
542745
5117965
4015914
3324089
1093315
2498530
5378011
3310383
9859007
6684809
3595826
937144
9978597
9215474
1341483
5216631
7905306
1556966
317331
9761834
32202
8377688
5877392
2222613
8793221
880754
7878360
6665964
9149472
4077266
3131102
6525953
625968
3689989
8730367
6838955
6744942
2663584
8730022
3198965
8677060
1599162
6412810
1673146
8276882
8768059
5242551
9019941
2508227
2465780
4896022
8727586
578043
649243
9957648
9157141
8141493
6101313
9345246
7458281
3792783
5938274
8259609
3071635
9107367
9223459
6514978
4409940
6614239
3374386
8875552
2429832
1074436
8920576
1247065
8372179
7002483
5975455
7582859
7995031
838154
5000072
6732462
8517183
657790
4288044
656286
6218112
8809814
1409862
6935202
4501382
4146145
5912979
5999078
2931506
3683875
1674259
1937366
8156608
9591709
6776882
626776
8816731
6153276
4250365
7272053
8008279
5846361
281583
6903294
5970930
6004942
3423189
1279522
135496
8806194
1558768
3922537
2726827
689381
4347644
4151870
4960977
4921825
2401096
8402015
614791
5561924
3712739
6247778
6048582
8842700
4064354
6712889
9219737
7482981
4693855
5371559
4311170
3389848
4816859
2723603
4376330
2804014
7551398
5938834
4348861
3543975
8904422
7146536
8394053
3321941
3530502
8089263
6162509
996196
7552081
9932748
1293041
7060344
1718694
1624066
3007807
672378
7937452
5845226
7923008
1486746
6290712
6282170
5058360
1716430
2207590
9238397
7396705
4549714
2629660
943484
5719039
4188923
6764889
2472119
8079058
3893890
7058839
5602681
2207370
8467514
4299694
6525126
2664742
2575706
5026782
5865285
1693302
9379658
6678145
3413427
5032855
265697
593013
6739928
4322311
311814
5762290
746221
5156841
5081424
2774950
2747805
4697075
2533380
905160
6071566
8750467
3297320
2051452
5692131
2284692
4365254
6910650
9629105
4774870
8706854
1121437
2247478
3462817
4523414
6888714
2508221
7286614
8317363
7325824
2463763
3099533
8202419
3080096
7503443
3738825
8465092
9043620
8381317
6672817
9555582
2608434
6169217
5031004
5165659
7480223
6127172
9451348
9233327
7594977
78598
2923050
1106431
7462312
7706258
6591719
8002079
1005107
8240027
6813042
3228088
9841922
3330026
1230857
6890853
6024321
7399092
6253565
6963229
9590666
2739984
9603353
7946208
5755340
2902089
3379017
1991788
2083604
4438282
8568616
5962772
9619638
6013688
2082121
1655230
770740
7452584
1027468
5739693
5645231
5451500
1555798
1423257
7505284
5736329
3009742
8070852
3578803
8375468
8231695
1724231
9797751
6233053
9082099
3990172
9081949
4202921
421111
6546679
7221992
7945823
1366943
1230301
4733874
6970658
6808694
3715279
796705
8805766
4457866
3468919
6894060
8059980
1970528
7472985
7519938
626121
5578675
9321835
9384177
8468305
196568
2795023
4152257
6190312
2096908
3832765
3104985
5423412
8376697
8150733
8816702
9967472
5136744
9625500
5232706
9384355
5324113
2188854
330089
2855303
2851311
3096827
8563316
6208545
1355895
1625968
8633525
2208543
2257447
846601
9559962
6730839
5467566
2095123
5078194
658675
1196461
7148743
9834741
7924871
2638185
5411222
349644
6548128
3246981
5702250
8898614
9562278
1193019
2319975
4142631
7672729
8195607
8704600
5240268
4342536
5807522
2207697
9455495
1300019
9951290
766777
8552304
1608406
8713095
7562801
2486225
3687609
2381752
9180043
1076324
8908467
1304667
1568785
6644215
5828745
8730305
9340874
7157577
4933024
7318100
993358
1586747
867654
591877
920722
164198
8335833
2423532
6354241
9605134
3147944
2803015
2493864
5998822
1623089
4742463
5903040
2458653
7093343
9983204
6133301
2640072
6674543
9985447
251466
433179
4082164
1904935
5522008
4914017
4442760
25343
4283648
5993815
9259385
2409855
850470
6911876
9957792
8360728
9873307
9070927
4792954
7224465
5711840
252102
6337036
9083125
4142700
8499166
6114412
7581779
1480715
5262281
1550926
5763564
9487608
2591907
1220196
1329392
6870113
1794702
5383565
3129795
6180259
5861392
3647699
8581552
8670413
2906448
483544
2136323
5731102
6211262
8745484
4869422
5723292
5895257
5061558
4602134
873267
3203789
3184810
8630252
9107299
8771364
9686257
9285181
7548924
949137
9727423
9134601
3005970
868302
2785898
6856858
8421201
4635225
9170234
3113341
6974018
1832061
3618757
2558780
107178
1218960
5576692
313788
9602349
6298661
6610272
7249161
1189382
4571575
5979604
800856
1533575
9738963
7468274
190578
9447247
7301237
5542313
4977965
4369954
505558
6748665
2006924
6361036
7361042
1892703
201163
2471821
3104547
6684048
6560683
1527954
6218559
8020083
8792318
3870284
6917352
1044592
6334569
6671789
801055
532757
268985
3964599
8245864
5292678
8886252
5462394
1711327
4083480
7478437
9885018
5877411
8104864
3550560
6571759
6938591
6835176
9170752
2082771
4914188
872633
4199001
7874923
5799165
4125934
9028196
602498
455333
1897308
9863199
8176943
4922048
7437895
123659
4098827
8066975
552420
3837234
1535346
2524433
9898213
9838902
9005711
3054752
9178754
2536535
1194107
3694406
6601912
4968294
8836527
9108332
7295497
8491477
9396855
4546168
1017960
7624476
8210977
3115465
6050460
8446299
8774238
2566000
3918657
213963
1383849
8449867
2994446
1027602
5835926
911766
3018440
2105724
669571
6143727
7158688
4499943
8703978
9662647
4915544
9272116
1321609
268123
4843952
9959030
5822031
3463285
739923
8521978
1087720
6865896
9543622
2347204
3018651
4591792
1650245
9547830
27211
2026473
7806339
3795839
5693259
1705134
1960751
9355284
1024124
3741114
1234331
4392709
3329794
9592906
5096929
188011
5235651
9612049
4154321
5979546
2452316
5034489
707890
3637963
1552498
7708016
2244665
3700404
2544479
9181067
5987061
7493079
892888
9748521
4623171
149553
3955112
5151909
6688552
5830309
8772894
2481887
2499518
6415310
8903681
1398586
8585662
374460
9099124
1599790
3073525
906768
7998648
368303
607170
4989595
4646946
5076811
2321451
3366802
6263782
6109543
9885421
8530845
5090699
7155219
83534
9439922
5584768
9040754
2379855
8914496
3923324
7622881
129827
7561336
8750130
7436114
6745224
8588249
2415742
3459058
6835994
26349
4113279
6523796
6136681
8295041
8240207
1723004
2232941
8741778
1814852
6653361
9021703
4402056
2578505
9772833
3066454
9154617
2141348
6298599
2926674
4662338
5277611
990768
8456658
7589002
947640
1001330
7277723
879336
8530102
2786565
4457377
5899844
2304401
1079920
9256543
315038
6937682
9819804
2653076
5117323
7530849
2061748
63653
9612757
5828895
5004721
7865507
2096518
7343137
9016950
7794575
1284289
8942886
1228665
3865148
3307417
2972583
1529687
601331
5796363
9200892
7684801
150951
8687022
5805421
4184366
5070171
3371502
8927299
8063472
9496299
846124
6804802
3076985
6635176
9040132
7779689
1965263
6199050
8179842
5276375
5714660
8048351
4453901
7632453
2455399
2041844
7196959
336881
4242556
4913834
57561
7628438
6835747
2450608
5809422
7227121
2891039
6939780
5070660
9009170
935436
8632416
8682434
2243031
8791720
9620590
5110226
4317852
916891
6716774
3090759
4009033
3091413
817137
3259720
711115
1429421
7416298
2514617
1736153
2495060
6293226
6188421
7195458
5649484
461332
1621448
6132959
6515865
3001073
8723740
8286536
5801894
9693639
7890252
3366656
1179929
9104141
8692338
6605739
5169560
924752
9738386
3356768
4828175
3149372
7888642
7650522
3016213
1630097
7265535
6037765
9258563
3823202
8852426
7798050
4717148
4386769
8950517
1126432
462963
222090
8998872
9559844
5839588
9009660
9457317
2692403
3075968
6140245
2146048
4156857
9675299
940682
3338225
9219414
4099073
7504050
8538947
8473979
852935
3338437
9053204
6939913
8552639
6462151
4310612
1538442
4895838
2605210
2984557
5192807
77539
811707
8577734
1657734
1486879
4808733
2938292
6905719
6976533
8100516
7471000
127840
3129234
3294712
892371
2018221
7078242
6419973
734080
4541078
1347823
7593937
6285886
8942211
9065024
5170240
4629798
4300873
7426533
2987613
8930325
3043363
8770526
3271647
4365879
7373269
9252396
1575872
698615
5220885
6908836
7181848
6945753
5868383
3550092
1641304
3922696
9286342
6168934
3330300
4089692
1336024
9989891
6177911
6578253
7598198
9956745
28288
7100197
6306869
2792517
1787007
4709560
7628602
1368713
4236261
151541
4693616
2539603
5953229
30454
4121635
7414641
4565073
7091840
2774848
7962053
8382681
1677702
1294326
5051136
2029046
3087392
6967230
9771974
2125702
8661551
6755342
2516509
6020685
1693358
9319520
2715401
8663799
4857521
8791116
4897983
6857430
6219326
5948806
8467551
6973461
3554730
4737214
840177
4156496
1240837
594464
5173837
1603483
1976239
4394222
4567296
85414
4362806
5335044
7879663
5915120
4206388
8271397
3258998
68463
7295635
3466829
4146885
4677013
1110987
7008733
7082942
9312903
3122921
4582221
2074719
836626
8468039
3983237
8666432
3321279
3121530
8494046
8604945
8255378
9492829
1226138
8320289
152539
8611323
4658742
4065783
2202682
1415079
1134635
4146293
3097654
2702988
1834239
8276166
1729398
1495293
501177
1141955
6816100
9101463
7079059
5832119
1459635
6369884
134921
184264
6524991
1930849
3908667
3796634
2816651
5655567
1771731
1608508
3091252
3513986
50431
2908466
1274845
1027057
6416219
7521964
8065811
8375883
7802434
9039514
7002419
1775624
7020790
3064254
2107784
4413920
5394452
6372738
5826514
4177524
6699869
5865129
2139084
4973084
3297271
2900865
4080922
1827092
680882
4712642
9880844
7252
7976581
5278993
6121774
9338634
6437411
9424009
7654098
755789
7760117
9682619
635986
1267160
4023763
390275
9595752
4710409
2134595
8447526
4425298
3596213
9397091
7307209
9996058
1145389
295978
5180281
3052888
2064007
5277028
1419714
2892218
4971186
5567037
8603513
5569799
856764
5177565
5577372
9902888
7101610
4801816
6382595
6890581
2595915
234636
5475432
7941380
9869988
1541299
1893751
6695770
8608336
932598
5405318
9350123
7654233
2756642
3266028
7496329
1493873
3785503
3190539
391571
9111313
3206316
1322997
5197531
2370404
5707240
9207916
3492474
7396578
8714325
6605167
2143076
1099290
9644789
3286632
8180714
5978179
2901111
6637907
3578872
3494906
2237142
5258060
8587893
8705599
1619707
3102509
3433852
8493957
5656911
6069801
9006880
7096459
491675
3458192
6628530
762096
9906676
897742
2336219
133138
3876210
3109647
6543039
9762519
6458439
6325739
1858320
58030
7989142
6640497
8249698
8677413
4409670
4755657
5246762
96599
9765914
2885470
8194416
6106386
4399960
7925850
1400442
9220035
3923209
1390543
9804675
3984620
4957030
6139184
5159318
1154039
3220179
7777556
6237138
3513608
6883154
3327766
4169851
8100054
5397508
5407734
8532243
7132346
3485645
2124822
5454668
5849082
7598890
5296753
9446225
3806843
1220490
8528432
7374821
7047096
2775060
3281892
5505745
319063
2656796
8066618
5328449
5768459
2123040
8621817
8229485
7534714
3954553
1267095
615593
7842016
2588315
1932349
942749
6242822
9519770
5456123
333968
6687758
1287022
1711525
6633075
8957079
3815926
2997886
8089686
9794213
5423411
549178
4789659
9269085
2917574
4288877
6613330
3469283
6581524
73051
4375137
4503705
2500189
784425
9609385
5139340
9257064
2286488
6849113
3610593
2425915
4965944
399560
2932775
3270495
6878245
1583372
4560703
7278136
847312
8492790
7289252
1886057
7069668
6198592
4424380
3438754
5802204
4269221
7738151
2835100
4544204
2358611
3436131
4926015
6084201
80072
885487
5597759
8904431
4103465
821856
6994077
5255277
8525745
1109903
6416324
8330224
9819873
6015237
773245
680671
5989119
3056841
2871148
6503547
2964700
9536784
8274907
8226394
2646354
276451
1845073
9116423
4026588
5014702
1017379
8938150
2766548
6740370
9662466
9367091
8549393
7127632
5740306
8444109
8992216
8178731
5744151
3571623
5210607
9012164
9587009
8520353
6746997
1808153
6806483
2010948
9793753
680102
5445870
6372480
9231199
5654872
5847375
4475989
1775057
7057793
5691436
3461404
455042
9619475
2259983
4088947
3540499
9947691
1925366
1253768
4488330
1422964
8805993
2428751
3895127
6427898
6242813
7893185
9677562
9901683
3131701
955684
1250138
5212934
5187029
517603
4535370
7620112
3615645
1295201
7065725
2193058
825706
9352156
2802536
1076536
4735388
6747351
1531527
7478225
821580
255124
9668451
8119372
2476755
8486626
6393589
7920546
1104361
7024443
4855004
7333055
1882991
473078
9467730
5298702
7049674
1653609
6319525
9836526
6809293
1050723
9807256
2545247
3157967
3407735
8159080
3827434
2222410
8167496
8854748
3723105
9617039
9352384
1290876
226865
5858132
9388143
7079715
3888483
2635754
7647549
4519935
6118953
5326670
4826266
4801261
6935562
8715776
5235286
807438
1951120
4935805
6559967
2472883
7634352
2905476
5621086
2898004
666147
2116332
6236941
8348242
3544616
7183012
5399813
2530291
2873408
3511164
9369154
2504980
1056464
4572448
494657
1370140
6056835
9402243
3398932
31652
6901781
4458243
1896165
5761399
6613705
1348979
5378162
1118792
7655020
60806
4148816
6348629
8840745
8777725
8996701
8376965
4972611
7218984
2926425
1091497
5266079
8967445
9292784
7091173
1605614
5276339
6066412
5900407
3241604
4831941
7355480
8416701
7587972
6443383
4711696
5258237
3400835
7958198
2738546
765212
3057613
7702229
6207806
5714068
4028523
9936601
3276497
5018483
4017549
2932935
9551694
3829869
8017296
7149537
1572943
100216
5824980
4707961
1356990
347650
9534530
2483306
4852954
15162
6195402
8419771
8570194
2796196
9027921
5355948
9821591
3613177
5316256
9639911
3730738
6843199
6946376
7068284
7971796
8295830
7829411
9162232
1827126
9755355
7422037
1689196
2431269
258802
3734007
309981
9681723
2160530
8054505
3826858
1488632
3867150
4941786
508505
5307169
2773338
4687503
1232553
8471313
8767564
3812570
9526763
5637566
9191807
5184356
7548165
1609652
5559694
2767723
8423273
9753686
3676531
38300
6225536
6681613
8702812
8424743
4404369
9672868
1126117
4314510
4461406
6729342
5555426
6063446
6389005
336013
4076810
3591557
6337310
2563409
3711226
6833603
6306770
2700717
5288289
5978757
174581
7366210
8481285
9936961
2912851
3413408
8731575
1840499
9420695
4656085
7946432
4136374
420827
7875353
6453846
9777546
8129228
8841487
5487395
2043856
1979876
7991168
4798511
1992898
915721
9346056
6429705
6443470
7964615
83548
9328442
1423247
3935142
8970448
8182383
2560799
7804151
3805031
7502163
662047
6061133
6061137
6399341
6751692
9723771
4922112
7994984
3047827
5528768
110294
8529984
7487717
2861242
3438475
8581438
1171530
7924099
9350110
6303958
1803137
8751988
1033244
5222101
4257792
8748971
8020003
4548331
9934322
4529192
7022086
7428477
8151756
2155893
9095475
6762262
6987874
7440389
2288994
6591076
8256403
3602712
2344778
9910348
7524693
4235422
5795399
7935989
8392201
2213070
144315
2234218
3919509
8610525
2049172
8596856
1007263
6925141
1932749
3340053
4738858
9008434
1641948
3292266
8744830
47914
1654534
3931469
6825550
9123146
3268603
3889943
9483530
7811188
6562513
6898757
7957365
6540191
2958117
5623242
7895555
3758349
1592043
5679381
5563443
9501368
5491400
7804017
2710455
9018078
4119506
8616031
8799126
4411370
3743645
5987249
3926808
5478206
3088586
947941
3878082
3466914
1666609
1077072
4904365
2626885
6334080
3294587
4186934
7473142
3086885
9228245
3116518
465353
6834100
9417409
966636
5287007
2336606
7219608
5817845
1490050
9850093
9188601
525410
530938
8486998
1016330
9184323
2330155
5061751
9261980
9688949
1980599
9747243
976607
6632217
1195114
2504086
3301289
896825
3344235
1799630
5759171
9533248
4425143
8444524
7235164
726418
3140838
390876
4901553
2767101
9285566
9552022
1739772
9874054
2437570
2951155
8656426
7449625
6617181
731876
3534989
778246
7578350
4814253
3573539
6717956
4296019
8489645
5480041
5415534
5268649
1464401
1726363
1866335
3544169
6415192
3045019
1930775
7745185
8607055
7218311
2151110
6189791
5568451
1262319
3489108
7430101
6832080
1622284
790381
6645637
9089417
2972502
7650707
7226927
6493552
7999653
7915697
7233982
8449566
8954567
547127
3098754
4921641
689361
4006029
4479090
6356516
9939906
1321120
8067268
4640214
2651092
6176395
4916052
6714946
5546232
6832042
8731821
386200
4001007
3338782
2425200
5234578
9537677
7203693
4183076
2914788
1675394
3675224
3294462
5055342
2667093
9402520
7368454
5469630
824856
9162601
1846725
192565
8906513
6291248
8356682
2728267
4805765
8454654
3332391
4170924
7435227
255135
7978141
2959351
3634698
8798332
9560762
3764094
7664867
8988963
8314337
7890345
2835466
7086034
5725488
7354098
6127190
1131605
1761223
6891005
9578468
9451675
2372724
7434045
5663911
7237513
7110023
9258369
1814291
7549114
9277381
1151085
1381034
2616715
2837273
6716982
2951219
4594173
5299473
9622171
2919672
5127169
3071418
7208525
1068467
1238272
6450260
7111939
6629472
293444
1919656
2092977
8776260
8232199
7176629
8227818
5343520
4325994
356004
9207780
2903504
3986320
449780
7548085
3099084
3807694
3575850
1731761
3360223
2856674
1052107
8475670
5580703
7787057
1825715
1306890
8437144
3504128
4808829
1402781
5433536
4130960
8643740
9562175
677831
343703
2124685
4705456
1550031
6676933
2227548
4435324
3549869
9036377
2471880
2320859
466311
3720633
9765828
1706838
3811209
6034255
6963416
559609
1225752
7081409
335280
5279718
2444333
3199151
3867215
7373097
4373589
2318965
8811273
213649
8916702
483412
123361
1432814
2877755
1896073
8500459
4944252
9102597
1301837
3658644
9453149
5062024
1059321
2051880
1461108
8855331
5634009
2694362
4157757
8546503
1856667
9513394
3799047
2279313
7224602
4725674
6366804
3126610
9399532
8952282
5752867
623301
3780099
4811872
7982245
5248930
8028401
4118453
1252782
8161950
1876666
5764756
6956068
7166723
2352337
2663445
683303
7778221
7237038
1590007
526992
908731
6812536
2873031
9871803
2774309
67940
5704066
1818113
7746337
4213138
2398185
310378
8136102
904286
4266566
5026652
7288993
5821394
2421123
2789499
9587111
1024352
2824596
5571910
9423898
7821698
5118187
8116591
6057001
5205718
680329
9385829
1112759
5241979
9852905
6179162
8887976
2177303
1678151
509468
5367860
3746945
8791760
1484052
5078871
9937203
1982927
3907525
3570263
8229318
4250259
8830200
6887624
2104791
3923754
8289424
4811650
3057330
1466300
4503627
6468494
5063702
9933989
6904300
8839325
4371417
5466835
7708355
6039553
8265743
1120173
8364091
668655
3470050
1034008
4844625
4866655
5426350
8321381
6361724
9435366
5787207
5956107
1489632
3168386
6245786
7356435
6975011
9466568
3632288
4144785
6366462
2267757
1318375
7474604
1551417
2982665
3647487
23299
3439317
3284721
4735647
6134853
2152657
9570679
5734308
97837
4151109
8481917
3053412
4272068
3880904
2284983
5689058
7125573
2088124
578539
9550054
1126009
4326498
9340551
6077342
9446089
2898796
4040392
7756539
7234019
1609142
8241798
3356251
891349
5129314
7668440
3915635
9253140
4780424
3440800
6568829
2661144
6803988
9790755
1168604
9021279
6966417
7194944
9861895
9999420
3426434
9290190
2115528
327281
3012262
9615907
513645
4408762
4236172
566634
4158159
9355209
6170934
4924879
7056067
922330
6306663
6436021
3691714
3517795
8500315
2029491
9142879
9529049
3531457
7336516
8273681
363369
6248910
1833877
1085188
4073306
1140360
9033353
9604225
7345940
1503479
458840
9365681
4831775
7129119
4129658
649129
7194927
1823593
1747472
7191027
1131883
7840454
5957849
971877
7367832
9272006
7372755
9164067
3529666
9434662
5065257
9796567
141101
5680147
8697514
3474890
1358099
5487918
1724364
1739124
5881493
7003472
5777961
8824422
5645051
7250217
2799811
68726
9780126
221458
9494183
7739426
3819054
3886970
4282861
2833458
5136324
3533900
8757371
5667707
1311139
6393434
7357175
6223385
8929483
5110354
3704596
8699679
246808
9300424
4023146
8509801
619014
5668715
3600973
7166829
8404726
7696134
8104369
7499438
6545667
4815789
5985995
2456660
2446454
5952564
5818273
5539827
2960738
6983212
3502973
8400504
9143779
1612350
5190976
1366475
4054918
4094046
9142533
4578997
2570190
8438900
2149495
2512461
4121603
1548457
2716264
9474829
7637432
536710
8027335
5002765
5465110
1248714
8077021
6486848
6546954
5199308
2643663
6376133
4205247
4418709
5099411
1401426
139024
8684581
7490877
383262
3133860
4422222
3117919
9073734
6852502
9627615
2244310
4322367
9109825
3853008
7419642
7841851
2913465
3683773
3004844
5597440
7910845
7545461
2472388
2719380
934
6015142
4355009
5827498
1778374
5141534
9668869
9789154
298830
7950966
6192977
109413
4605666
3072621
9126864
616096
259015
4208469
2782711
1953005
4472487
8372678
7545629
8720336
689559
3699030
7373381
8754506
3850602
2472581
5461794
166774
812148
1633230
377258
832905
532949
5348878
4622325
3536766
8216935
9872325
5906892
3611787
231744
4395207
782320
5271613
9971803
9271952
8040943
3548231
3899951
6144064
8826449
4686818
3811423
2264950
5118582
2605547
9396178
8498507
7987376
3354223
7905101
1272386
3632093
4012426
5236123
3297383
4845562
5822722
1361116
5673979
8002750
5093310
8830376
1818171
8036798
7821069
2289163
2602549
3046565
1304926
9957272
5662062
1476506
521372
4816821
466255
7486907
4941541
478314
5969837
6363114
9856058
9175379
4969438
1150817
8555817
5809923
2123949
7958575
4690967
3396345
6446864
3454663
1564461
6514298
3603771
5986405
57792
629478
2975200
977130
1588025
3485006
1966700
4834776
2239027
705055
4168995
3280732
8564029
2094535
3666952
6408204
4942190
9949894
5124404
587013
5724259
2632685
2570331
8016802
1042172
7778632
96797
8014955
6814028
7125704
9028859
9844630
7081271
7986032
6334531
1240322
5015477
2229754
6769243
5968284
8426108
5586962
2004446
1396871
4734030
411493
2890666
1502254
9127861
5550692
1084263
2408335
3562420
3101269
6023758
4091480
8997477
9036388
4371880
2369441
2507581
2417121
445365
5466
6023373
4430053
8043116
8837753
1869680
99090
896777
4712358
4321125
4909939
5975894
6980552
5368973
5038544
7168129
6579811
1504990
1423461
6288145
4718992
496948
7163144
7609855
4090204
5521952
3216354
577783
7090340
2922687
302074
7814641
478883
8322834
407287
8103226
1444314
7516710
2643400
6349810
2762380
7238963
9621053
3396393
4741911
403064
4746774
6729785
2302616
6063347
6854424
9601354
7319773
3799508
1126839
3019843
3370759
2628474
1469102
4456167
1665454
5931736
7556242
8671649
6911885
6939024
6479942
8035892
9882964
8067243
1451159
6288101
170589
7342452
1270657
1774761
9015482
9142157
4255695
3737255
8008724
8142499
8612536
8363536
7593111
1503309
3042033
4351242
7064905
3007608
8389842
9690955
2148004
8851154
2519143
7422547
7236096
1546932
9099918
869356
5484103
295420
9142842
6090828
6119933
2086478
716774
2460357
4266871
4872191
6217214
2095613
6254459
396507
1639142
1111928
7624646
3166171
6037120
3449989
8674556
4669275
703596
9325139
8070770
5888492
1856541
1552735
3124632
8674009
2324097
888329
9095026
5671438
8747617
2975275
4768792
3227153
3021934
9771852
4790195
1768499
5645364
1962659
3996683
4068997
9705721
1927339
2286979
4680567
8955219
1477062
3303343
9493900
8575694
6272299
3584342
5892616
6518728
4345202
9249274
370884
1850214
3426567
6090980
853103
1977801
7348098
8717301
9418973
282411
7128277
975828
9336886
6658155
1722414
2253403
3411094
2156014
5647006
4940108
5646716
7550892
2480023
8260589
4673388
2208171
7011733
8888715
3052394
8117877
4928450
3230750
6645487
7683471
8788144
9430706
1698075
6044082
1949881
995108
6484504
2306251
7920946
3351851
1321599
3498040
7221325
9455277
4859856
9952345
4581896
1681917
8343395
2142078
5025920
3453324
9206636
9186819
5283721
5163695
778917
1188210
7500437
5224116
9426778
3850560
7495218
2757671
4792176
9863103
9790051
4799517
6217905
5305159
2863241
2249362
1702419
6719980
9901417
6863330
5251618
8774356
3846560
8391968
5655502
7132250
3821471
9977393
8555269
5270553
8499776
8262857
6198177
6608429
1109382
3764220
1744801
6167222
1243596
9931768
6031162
3814927
8837542
5963891
9161904
7499485
17308
2207636
7145525
701699
9130786
6750281
8155094
8279234
5356904
6550422
7550047
9696894
7009642
5556501
2423077
4727548
5203007
1436363
73328
9544884
994672
3343617
2836445
3216040
5617260
2854384
2384892
6718391
4837313
9583544
5332524
8266873
5452310
8041687
9489926
4670958
44313
4429720
7706819
5173092
1360547
3773733
4723875
5833904
2420892
6664588
5492234
6855412
5550408
5321582
2457121
2899494
2892778
1147853
8464332
1921124
1064828
2404449
6419982
6886052
252062
3394412
1955619
3568221
8440691
8882238
743805
4808987
4675602
512228
1003316
1895978
7919826
850009
8414459
9898827
4833762
4895263
5506010
848812
8777797
743872
1076411
694629
4924944
8644760
510752
2055644
2037572
5287632
4523116
8034399
8849923
3590950
4507415
1723948
8683922
6207976
2938983
1023686
764505
4507153
4527159
4520927
9775841
6386853
4742753
2095822
847142
5588522
9177255
2940132
8306091
7417077
4865254
4123961
8441289
7611578
6444536
8876365
2884851
5108771
764008
4028980
1536882
8095742
8998607
8889840
194983
9333894
4220812
9536104
5417868
5490511
2358811
8006814
2918929
8963146
3166678
300827
8889051
4930794
9964633
3767293
1885652
5627157
3588920
1690230
4543064
317445
8773722
5609265
8455451
1281527
5700274
3542710
7752172
2276086
7245819
2930524
6607088
6694181
8550946
3102103
222301
7087267
886406
9203609
326503
3147749
6510627
3855084
1110789
9226999
3015634
5900411
3465151
3456411
2734446
8416621
3935014
7106761
2298583
8176137
1964213
4650664
3224613
3666470
7866163
8879035
7452031
2842797
1384201
9950089
4141307
8793864
7915179
9926560
2620769
1358040
5524448
6922021
3822633
2817651
3073246
6642057
6168908
7345209
9836543
7775914
3423551
9840112
6405226
6025763
9205674
6680592
6048444
5660516
931037
1328455
5683268
6246227
8273431
5536711
6865770
4569352
9293328
9674748
5396721
9319763
9326535
1636
4158615
7541356
1835590
4919347
3879364
6604911
2454793
2013715
3286019
1707375
7500978
3904266
209893
3482781
7158748
7996543
9365306
3613156
7960842
6270018
5896694
8478286
7765038
4197210
5850163
4850366
8757783
7141496
2945685
1858476
4792982
1248437
3076118
3099952
3682509
4460449
2268626
2447862
6799557
7722008
8644691
39953
3147835
8888760
2152521
9108336
7325857
4635805
1528785
69051
8113907
8069818
7356835
6171736
9372014
5065768
6615707
1328933
4720327
7138898
6350618
143416
269102
5736121
884445
1651681
393066
664929
7022093
6525840
9215517
9360465
8838235
3331587
294489
4249831
9752118
3805045
5740156
6420176
7916360
6458983
2605873
446393
2825416
3007926
7613878
5287668
413066
9881951
278269
6559941
6677733
421008
3973480
3762682
9688918
9862314
5960633
7622891
7260724
3634357
498631
8062818
7599823
4963960
4297533
1132755
8727819
7152576
7197119
1855514
4512016
4333944
448820
808785
3716464
5557546
4328837
9902591
5702172
7612308
6657577
6948108
6046901
9375236
8358826
4198195
9555103
4726494
7059396
222424
7930335
7877567
9851323
4801218
9177609
9981869
1710183
6566905
9645624
3570182
2001392
9284806
5554216
2474887
7211169
5187569
7731961
5301919
7987693
341020
2669886
1043747
3425776
3147391
9774937
6140314
7323287
3480024
8567290
6173941
4580298
4848780
715529
5036588
3335969
2493128
5820135
4788949
9738623
1619585
5164813
1331881
1722623
4012401
6384068
6040644
8604331
8621554
580050
432524
2689187
4501304
8405773
8354404
4546884
1199118
4816520
5255415
6549631
1099627
3740643
3404390
9460056
5060862
7850138
7667229
9754442
4957305
3788490
5644244
7546574
792659
6425762
8426393
5564139
3690111
5160602
3748667
1666675
9162885
8082455
3773029
2654995
6522179
7724164
500161
3877669
8723780
9285262
3974098
2881860
6192471
2991581
7864450
640715
6435210
9945290
4293357
579737
6970280
3668347
3371200
3335718
2800354
7640411
8414825
1520319
4049988
2025923
4180432
5380703
7029080
2308624
9900984
4456576
9625321
2952472
1839404
2319013
7984372
9833353
8508747
444569
2022381
1383223
7181793
6072161
5243610
8894135
7031677
4538120
3058816
4179401
84961
2406930
7225837
3196072
9003646
8421575
3737851
9473304
8065313
9101863
8879616
6559361
8663219
7790206
3545739
5472969
3060975
24294
2320358
584151
7056757
7580462
672357
8897762
9613569
5787483
3960044
2353612
2362641
1542653
5710590
2407639
8873378
2544153
78569
1532173
7903706
4023507
5065956
801754
990763
3757162
8897395
6582804
8530836
6131964
1048036
9743071
1174367
5609220
9026998
7581510
1644767
4395182
5978142
3505668
2064777
544659
5738233
1124292
1960641
5186220
9606818
8697832
7529018
5758106
6397991
3508164
6735515
3796806
6048111
1909034
3053763
7220276
6295503
4661
651526
1731894
859161
9858996
8431682
3300447
9449828
1452029
1748077
7657136
8184474
3676842
2053982
4981845
8988201
9791700
1210818
9382099
3016252
4576174
461819
8215666
6168357
759480
5770220
5000304
4968834
1744513
2602303
520240
5351728
6152217
8102148
2530626
2889343
198104
7869533
9457189
4808571
7685280
8993523
502962
5107139
3556590
7980141
323823
3423296
840245
1214472
4076871
9042160
7091353
5629529
8993653
6705618
2325381
7834096
4232935
8345948
7152668
9256038
2838280
4916601
5448675
2853004
612801
2954238
4305256
6233787
8728316
2297108
6630914
604593
8174775
5437888
8491017
5928254
6318309
4409122
685058
8315229
8823538
8067726
5095739
7289470
4879183
5789048
3473245
29788
6681491
257155
3423670
8105317
8246936
614076
4214319
6334746
5706191
2685607
8333234
7613894
5260584
8782790
9882828
9457154
2812178
2653852
3978641
6665331
6491940
4271838
5027873
1755035
8184340
694536
4046702
5547095
7257093
4346196
2093710
5080750
3619925
5548389
4430014
7161918
5082128
8074677
6429347
5142168
9193555
1573079
1329896
3799981
2415906
8464475
3671655
3887697
7348648
6517331
5123461
2151196
3156467
9369357
691754
3692085
225873
8630254
8669181
8561927
2350100
6807738
8325594
2986561
4792551
2706974
3040561
1383693
8254662
6694256
142101
5653570
669882
6101063
7476642
3433125
9965328
714083
6279028
7168646
7842333
7785116
5034212
4652150
1032623
1364206
7773665
8384214
6529633
7441821
7303143
7898031
221417
4418423
7519453
8904768
2910771
8910320
8022663
3409317
3298303
2012426
8021651
3935600
4739390
2791271
2054029
9071014
2019000
1521849
4246754
1102621
8746656
1108517
9312575
622550
2698381
8669913
2501596
6141145
2996647
3333204
5658924
6969220
2868788
493170
8702308
2795442
4192553
9086149
2917062
1350859
1572957
2029470
9034277
5951029
8271283
6362377
8946858
8552188
5854876
1892113
403388
8807633
6902685
6017540
7668400
134898
4764843
9624624
7630158
889444
7881368
8629631
3694909
6909002
7724483
8951689
1284304
1140435
8463984
9840122
2308865
8341221
1883469
3655453
5677155
8410081
8904535
2761317
7779304
9852658
3004743
6517803
6998617
212609
1157113
7594746
688409
6938352
4105749
8153804
4434860
3867097
3595598
5839350
835882
2089326
7987202
4952303
3816445
7518010
6604065
7486575
700858
9496135
9057729
7504083
6428740
7219919
4983831
9177424
6710114
4176793
7693041
193637
5390604
7278839
2770561
4958035
7688892
920441
7438067
5559795
6291663
1461056
1342372
1816653
8515627
458705
8067842
3944801
7355251
9581784
648445
8514682
3057336
9633675
4999183
4665931
6076420
1566179
2883586
9647252
5108999
9377397
9775376
7245505
5667990
6295818
7778361
9207141
5990122
7933850
3986947
7516360
2301174
9094399
7924359
7958028
1362197
5847685
7767629
6264576
2676540
294078
4954451
3389447
6610635
9859280
4425869
9464127
2091317
456891
9876899
1446249
145536
1216044
1220714
9837923
5983229
8951515
7302353
8707358
4672725
9125887
7159459
2540385
6581322
5773584
4158122
9629960
4484026
8584984
3762301
663576
3679848
4264318
9632338
4973325
7075985
4778947
653446
2967807
3403865
4365637
1204927
1092056
2127317
9942141
8050547
1138819
1299125
9126139
7687461
2149742
7236475
1497049
6438435
6643819
2541179
1369337
323911
6615806
9316748
7502537
7785063
3618990
1256066
9389965
3086150
9183578
2745568
4347408
5210732
3535146
6806766
6909259
1235632
4912186
6742903
831877
4503559
4749313
7704987
4754970
376902
3133892
6911817
7530307
9934741
1074304
2962756
272794
5393697
3675149
1177331
6758215
7691785
6805553
9235165
9481493
1304495
723347
8611144
973820
8495759
7996081
5997154
3204674
895801
5322904
6102122
4024484
742415
2849151
9396660
8003042
6962264
463154
730390
6851990
7143541
8630477
9113036
9937939
5215646
7268185
9898852
8426168
7242990
5900397
7126239
9580628
1890007
5338489
4162939
1565282
3938204
8345161
367445
6619192
658688
6147883
9673237
6966783
8605938
4003127
9111636
2367545
5903438
4722549
344575
507460
6620279
5152312
5988891
8171797
3287682
5640012
120643
6454949
3282361
9715340
7970495
5115139
8804021
9353290
6697294
6727257
5219551
7378944
5081403
8951664
7787625
361540
1420946
8243037
4910458
426168
8016644
1816161
8776124
2447735
4317486
8516967
6185408
1810379
4162166
347100
9116852
2179089
9985778
9444175
8775408
9155747
8494155
4816730
1974103
5580088
3037356
5117514
3414344
2001212
679422
1788391
9251083
1361937
6011040
1962285
9781596
1296386
9308298
3160002
7981550
4724367
5130437
4107658
226536
3941361
8052642
5122062
6200627
8190971
9365332
9599024
3581519
9225474
7201147
4042646
7813755
814561
5057645
9867105
72613
2759047
4329495
2685822
216141
51128
477934
3143243
1676936
6191756
779261
8081405
3653511
3421865
6358208
3092875
3899958
5008809
6279699
879964
9849772
2675352
4114298
4378144
4159218
6279587
3662969
3511004
2661547
1579821
9035937
6866839
299788
925891
2615165
4930386
411576